11111111111111 11111102

11111111 1111111111111 1111111111111 11111 111111111111,ο11111111111
111111111111111111111111·1111111111111111111111111111111011)
1111111111d11t111⁴ ,1111111111 1111111 11111111 111111] .111pe1v1vi11 1·ιῖ
111b111111,011111111 111b1111pp11⁴e1 11111111 11111111 11111 1111111
1111·111]111ο111,ἀ1111111111·11111111111111111111111111 1111111111
1111111111)11,1]11111ο’1111)1111111111.Β1111111111
1111111 1111111111 11111111 11111 1111· ,11111111 ’11 1111111111 13111
1111 ]1111111111111111111111111111111111111111111111111
11111111,11111111]11111111111111 111111111111.]1111111111111
1111111111111111111111111]111111111111111111111]111111111111111
11111111111111111111111111111 11111111111··11 111111 11111111 01⁴1q1 11111
1111 [1111111111 1111111111 1111111111] 11111111 1111111111
1111111111 patet 1111301181. 1]111111>111·,(]11111111)1111(11113
11111111111111111,1111011 1111111111 1011111111111111111111111
11111111111111111111111111 11111 11,( 1111011151111111 11111111 1111111111
1111111111. 81111111111(11111111111111111011111111311111 ’
1111]11111111111)11111)111111111111111111111111111111111111,
11111111111111111111111111111111 [111111111111111111.]111
Ἰ1111111111111111111111 1111111111'0111111111111:
1111111111111111111111·1,(111111111111111111111111111111111111Ι
1111111111 11111 1)]1111· 111111111111111111]11 111111111111111 111111·
1111111111111111111111111111111111111 111(11111111,1111111
1111111 ,11111111111111111111111·1111111111111111111111111111 1111111
11111111111111111111111 &quanto 1111111 1111111111 111511
11·]111111111111111111111111111111111, 11111111)]111111111111]11111

1111 1111111111. 1V11des1⁴ 11⁴epc11 1111111111111111111111 1111111111
111

 

