’ 110111111111010101111011110111101 8101101110111100
1111110101 11011018110110010 01111111011000111· 111 110,
,0001111000 11110011011011111111101 01101000010101 10110
011011001111110,1[11111111111111111110011101011111011111 00110
100111110081111 011011101011111 1100 010110 011 111110
11100111 1110111001( 1110111 11111 10. Ν1111111 1110101 0110111 11111110
11011111001011 01111 1111110001·11011110110110111,01 11111101101111111
111110 1101110101 1100110111 101· agere 11011101001010810110
11101111111111101111001110111,1011ῧ11111111111100101111100111100
10111110 1011101018· 10111110100110111011111111101011110
101110111010νο10111011101111111111111111101101110011
011110110,81·,111111101111110101 011011111110010110101111010
1011111110111110101101111111.111111110110111111101111111)

1101110100 ,11110111110111111111 110111 ⁴1111'111111111111212111111
1100101111011010. Ν1111111101011110111 11011111111111110111
,11101111111,11110111011101001111 1010011101010100111111
011110 11·100081011111110110 1111111· 1111111111101110110 1010
1011010111 1110111111 110111111101101111101·,·11101101010110110,

810101011101111111111111111111110 11111001· 0011111011 10. Cuius
1101011οι 001111111101011111[111111110111101111110011111110

11101· Qu 0111111111110111110 10 1111101101 11111 ,110 11011111
01111111 10101101101111111011100,[1011101111 1101001 ¹111111
1011010110011111111110111. Nong11111c11'11'g1't111, 1110101
11111111000101110001, 1100 011111000111111111110011111110
1101·. 111101000111010, 81 1110111111 (1110 (1·11 0 1101 1111011101 ⁴

1111011110 10010111 01011 0111011111 11101101'111111111 01111101

1ὴ111,

 

