111 11111111111113113 ΜἩΜΠ3
1101101111111111111111111111111111, ’ ’ = ’

1 81Β1111111111111111111· Cap I ’

Rop 1111101111 1111110111111111111111111
11111111 1111111101 1111111111111111 11111111 11111,11 111111 1111
1111111111 1111111111 1111 111111101111 1111111111111111111

11111111111118 ν11111111,1111111111111111111 1111111 1111111111 11111 110
1111111111811111111111111111111111111111111111111111111111111,111Ὶ
1111111111111111111110111111111111111111111111111111111111
’11111111111111111111111111111111111111 8111111111) 11111111 1111111
11111111111111111111111111111111111111111111111111111111111

11111111111111111111 1111111811111111 11111111111111111 1111111111
11118111 11111111 1111111111 1111 11(,ξ11··.,11 1111111111111111 111111111 11111
1111 1111111111 11111 11111111111111 111111111111111111 111111111111111·1111 1 ¹
'101101 110121,q110111 11111111 111118111111 11111111) 11111111

11111111111111111111111111111111111111111111111111111111181111111
aute1⁴11p1<31111 1111811111,811111111111 111111,8111111·11111111111 nepo

111111 1111111111 11111 1111 1111111111 1111111 11111, 11111111 1111,

11111111111111111111011111111111111 11111111 1111111, 11111 11111111111111 ’
111111111111111111111111111111118 8111111111111111111111 111111
11111111 1111111111,11111111111 111 111 (111111111111111 1111111 1g1'111r
111111111111811111111111111111110111111111111111111111111
1111111.11[111111111 Per 1111111111 1111111111 1111111111 1111111
1111111111111 11111111 p0fi11‘011h‘111e111g 11111111111111 1111111
11111111 1111111111 8111111111 111111111111111111 1111111111

g110 11111111111111111111 ,11111111111111111 q111'11111111‘i1'

 

