DE 111111111111111 111111111,

11101111111111111111111,111]1111)111111ν]]11111
1111111 11111 11111111111110111110111111111111111111
1111111111111111111111111111111111111111]111111111111111
1111] 1111111181]1111111111011011011111111 1111111
11011111111111111111111110111,111111.]11111111111111111111
110111111181].11111111111111111111111101101111111111111111111
]1“1·11111111111111111111111 111]1111111111 11])1101111111111
1111111ᾫο11101111)111101111101111111111111)111]111])1·0
1111111111111111111111·111111111111111111111.1111111111
1111111 1111111 1111111 1111111111 1111 1181 81111111·11]111111111111111 11111
])11)111 1111111111, 1]11011111111111111 11111111 111101 11111οΡ11
111111·1011111111111111111111111·1111111111111111111111111111 11
1]1111·111111110])1·011111111 V1 111181111]1111111111111,111]1
1111111 11]110111011011111’1 1111110111 11111'1111111111111 1111111
11111· 11111111111111·111’111111 1]11111111111111111111111111181 111111
1111· 11111111 101 1111111 111 111111111111111111111]11111,1]111)ε
11111111111111111 11011 1111'11115111111 1b111q1111‘11111116111,
111111111111111111111118111111111111111111111111, 1]110111·11
111111110])11111111111111111011111111111)]1111111101111
11111110111111511111111111111 118011111011111111 ’
1111 11111111 1111111111· 111111 1111111111 1111]11111111,1111111 1111 11
11181111111111111,11111]11111111111])101116111111181111111111
11111111111111,11111111111111111101111111111111111111111110111,

11111111111111111 1111111111111111111 (1118111011111 11111111
11111111 10111111111111111181 11])011111101111111111111
1111111111 magis Ρ1111110111110, 111111 1011111011

 

