11· 1111111111) 11 111111 4

111111111111111),]]11)11111111111111111111 1111111111 1’1111111 111111
1111111111111111111111111111111]11111Ἷ1111111111]1111Η-
111111 111111])1) 111111111111111111 13301110³ 1111111110) 10110. 1111]1)1)11
101011111111111111111111111111111111])11111111)1])1)1111111
111111811111) (11111οο])1111])11 Odor 111111 111111. 1111
1111]1111·11)111]ο]11111111,11 1)1111111])111])111111180111111
1110111111111111111111111) 11111111111111111101111111]1111()
1111 Ν1)111]111111 111111111111]111ο11(])1111];11)111111111
181111111111111 11011111)111111)1)111]111111ο]1
1111111111 ])111])1111111111111 1111111181 111111111111
1111)1111111111111111111111),111111,11)1])1)11111,11];1111,1ὀ11’11111
111,11)1])1111’1111 )11,1111 11111111111(),1111)1111,1]11111,11])111111,11111
111,1111))1]111111111, 11111 11111111) ·1,()1)11·1111111·1’1111,])1111111·1ε
111111), 1111111 111111 ,1,111111 11111 111111),1111111’ 11111111111111111
]]11’11111111 8111111111111])1)1111111101111) 1’;811·1111)11ο111
1111g11l1011111111ss111111011g1111001D1'130312g
111),1111])1)1111)1111]])1111180111111111]1)1)111111111111111])1
1111111,11111.11111 11111111 11])11 1111212110111111110111 111111111111
])1111])111111111301111111111111111111111111111111111111111
11111,])1’1)])111·11111111111111111111)111·11)1’1’,111]ζ11111111
i111111'1111* ])1)11111111, 81111111) 11111111 11])1111 1111111111) 0111:
11111111,1]111111111()1111111])111 1111111]111,111111ηπ
11111111111111111111111111111111111111111 11111111111111111,
11111111111])1)11’11111111 01].1111111111111111111111111111111111111
11111111111,1]1111 011111111111 1111]11’1])11·) 11])111’11’11(),1]111)
])11’1111111 1111111111111 1⁴g11111111,11111c1001121113111111101111111
11111]

 

