(11111111111111 1111111

(1111111111 11111,11111111111111111111 (1111111 11111111 1111
111111((11111(11111111111111111111111, 111111111111111111111111111, 1111
1111111111111111(1111111111111111111111111111110111 111111
11111111 (11111111111111111111111111 1111111111,1(11111111(1(11(11111111
1111111111 111111111111111(11111111111111111111111111 11111111
111 1111111111 11111111· 111111111111111
11111 1111111111111111111111, 11111111111111111111(1111111
11111111111111Μ1111111111111 1111111111(1111111111111(1(1111111 Fos

1111111,(1(1111111ζ111111ο 11 11111111 (1111 FFlFos: 111 110
FFFFFFF deuotus ,1111111111111111(1111111111111111, 11111
111111111111.

¹DF 1111111111111111. Cap. 11.

1101111111111 111111111111111111111111111111111111(111111
11111111111111101111111111(11111111111111111111

11111(- ((11111111111111( 81111111111111111111, (1111111111 (1111111
(11111111111111111111111111(1111111111111111111111111,
1111111 (1111111111111111111111181111111111111111111111111111110
111111(1111111.(111111111111111111111[11111101111111111111111
FF'FFFFFFF (1111111111 1111111,11111111111111(111 11111111 1111 (111111
11111111 (1111111111 1111181111) (ο 1111111111111111111111
11111111 11111111111111111111111111111111 ,1111111111 1111 111111
(’11 1111111111( adeo 11 finF (1111 11111111( 11111111 111 1111
11111111111111111111,ὃ(1111111111111111111111,1111()11
111111011111111111111111111,10111111 Ego

Ο1111111111111111111111111111( 1111111111111111111(

 

