11 1111111111111111- 11

11111111111111,11111]1181111111111111111 1111111111111111111111
1111(Νο11111111]11111111111111111111111111111 1111111
1111 1111111 1111111181 1111111111(1111103111111111111,]111)
]1111111111]1111111111111]111111111(],ν1·111111111111111111111
inve 111 11 1111111111 111111 1111111) 11]111 1111111111) 1'b111‚11011
111111111111111111]1111111111,1111];1111111111111111111111511111
1111111111111111111111111111111111111111101111111111·
11111111111,111111111111]1111111111111111111111111111111111111]]11111111
1111111111]11111]111111,111111111111111111111111111111111
.,1]1111111111111111111111111111111111111,1111111111111111·
11111111111111111111111111111111111111111111111]1
1111 1111111111111 1111111111 11111111111111μ 1111]111111111111]1111
11111· 1111 1111111 111111 111111 111111 111,1]111 1111111 1111 111111· 11111
111111111111111111. 3111111111 1111111, 11 invilla 11111 11]111 111111
1111111) 11111111) 11111 1111011111 1111111111 1111111111 11111111 11111111
1111111111,1111111]11111111111111111111111111111111,811111
“]111111111111111111111111111111 1111111111,111111)1111
111111 Ν11111111111111111111]111111111111111111111111111111111
lid 1111111111 1111111111111111111 1111111111 11111111 11111111
1111111111· 111111 11111111]1111·11 ]111 111111 1111]1111111 11111111
111111 111111111111]11111111 111·11]11111111111 1111111 1111101111]
11111111111111111111111]111111111111.1’1 1111111111111111 1111111
11111,11111111111 111121111110111 ,1111111111 11111111 1111111
1111111111111111111111111 11]1111111111111111111 1111111111
111111,111111111111151111’11] 1111111 1111111111) 111111111111
111111111111]11·1 111 11111111 111]111111111111111 1111111) 111111]1

11]1

 

